ANISOTROPIC_GROUND$
22
-1000 0 0
1000 0 0
-1000 0 2000
1000 0 2000
-1000 0 4000
1000 0 4000
-1000 0 6000
1000 0 6000
-1000 0 8000
1000 0 8000
-1000 0 10000
1000 0 10000
-1000 0 12000
1000 0 12000
-1000 0 14000
1000 0 14000
-1000 0 16000
1000 0 16000
-1000 0 18000
1000 0 18000
-1000 0 20000
1000 0 20000

20
0 1 2 0 50 16 255
1 2 3 0 50 16 255

2 3 4 0 70 25 255
3 4 5 0 70 25 255

4 5 6 0 90 34 255
5 6 7 0 90 34 255

6 7 8 0 110 43 255
7 8 9 0 110 43 255

8 9 10 0 130 52 255
9 10 11 0 130 52 255

10 11 12 0 150 61 255
11 12 13 0 150 61 255

12 13 14 0 170 70 255
13 14 15 0 170 70 255

14 15 16 0 190 79 255
15 16 17 0 190 79 255

16 17 18 0 210 88 255
17 18 19 0 210 88 255

18 19 20 0 230 97 255
19 20 21 0 230 97 255
$
