ARCHWAY$
56
-350 0 0
-280 0 0
-300 20 0
-300 130 0
-280 150 0
-300 170 0
-250 300 0
-150 370 0
0 400 0
150 370 0
250 300 0
300 170 0
280 150 0
300 130 0
300 20 0
280 0 0
350 0 0
350 130 0
370 150 0
350 170 0
350 320 0
250 420 0
0 480 0
-250 420 0
-350 320 0
-350 170 0
-370 150 0
-350 130 0

-350 0 250
-280 0 250
-300 20 250
-300 130 250
-280 150 250
-300 170 250
-250 300 250
-150 370 250
0 400 250
150 370 250
250 300 250
300 170 250
280 150 250
300 130 250
300 20 250
280 0 250
350 0 250
350 130 250
370 150 250
350 170 250
350 320 250
250 420 250
0 480 250
-250 420 250
-350 320 250
-350 170 250
-370 150 250
-350 130 250

107
0 1 2 100 0 255 255
0 2 27 100 0 255 255
2 3 27 100 0 255 255
3 4 5 100 0 255 255
25 26 27 100 0 255 255
3 25 27 100 0 255 255
3 5 25 100 0 255 255
5 6 25 100 0 255 255
6 24 25 100 0 255 255
6 23 24 100 0 255 255
6 7 23 100 0 255 255
22 23 7 100 0 255 255
7 8 22 100 0 255 255
8 9 22 100 0 255 255
21 22 9 100 0 255 255
9 10 21 100 0 255 255
20 21 10 100 0 255 255
19 20 10 100 0 255 255
10 11 19 100 0 255 255
11 12 13 100 0 255 255
17 18 19 100 0 255 255
11 13 19 100 0 255 255
17 19 13 100 0 255 255
13 14 17 100 0 255 255
17 16 14 100 0 255 255
14 15 16 100 0 255 255

28 29 30 100 0 255 255
28 23 55 100 0 255 255
30 31 55 100 0 255 255
31 32 33 100 0 255 255
53 54 55 100 0 255 255
31 53 55 100 0 255 255
31 33 53 100 0 255 255
33 34 53 100 0 255 255
34 52 53 100 0 255 255
34 51 52 100 0 255 255
34 35 51 100 0 255 255
50 51 35 100 0 255 255
35 36 50 100 0 255 255
36 37 50 100 0 255 255
49 50 37 100 0 255 255
37 38 49 100 0 255 255
48 49 38 100 0 255 255
47 48 38 100 0 255 255
38 39 47 100 0 255 255
39 40 41 100 0 255 255
45 46 47 100 0 255 255
39 41 47 100 0 255 255
45 47 41 100 0 255 255
41 42 45 100 0 255 255
45 44 42 100 0 255 255
42 43 44 100 0 255 255

0 1 28 100 0 255 255
1 28 29 100 0 255 255
1 2 29 100 0 255 255
2 29 30 100 0 255 255
2 3 30 100 0 255 255
3 30 31 100 0 255 255
3 4 31 100 0 255 255
4 31 32 100 0 255 255
4 5 32 100 0 255 255
5 32 33 100 0 255 255
5 6 33 100 0 255 255
6 33 34 100 0 255 255
6 7 34 100 0 255 255
7 34 35 100 0 255 255
7 8 35 100 0 255 255
8 35 36 100 0 255 255
8 9 36 100 0 255 255
9 36 37 100 0 255 255
9 10 37 100 0 255 255
10 37 38 100 0 255 255
10 11 38 100 0 255 255
11 38 39 100 0 255 255
11 12 39 100 0 255 255
12 39 40 100 0 255 255
12 13 40 100 0 255 255
13 40 41 100 0 255 255
13 14 41 100 0 255 255
14 41 42 100 0 255 255
14 15 42 100 0 255 255
15 42 43 100 0 255 255
15 16 43 100 0 255 255
16 43 44 100 0 255 255
16 17 44 100 0 255 255
17 44 45 100 0 255 255
17 18 45 100 0 255 255
18 45 46 100 0 255 255
18 19 46 100 0 255 255
19 46 47 100 0 255 255
19 20 47 100 0 255 255
20 47 48 100 0 255 255
20 21 48 100 0 255 255
21 48 49 100 0 255 255
21 22 49 100 0 255 255
22 49 50 100 0 255 255
22 23 50 100 0 255 255
23 50 51 100 0 255 255
23 24 51 100 0 255 255
24 51 52 100 0 255 255
24 25 52 100 0 255 255
25 52 53 100 0 255 255
25 26 53 100 0 255 255
26 53 54 100 0 255 255
26 27 54 100 0 255 255
27 54 55 100 0 255 255
27 28 55 100 0 255 255
$
