ARWING$

29
0 0 400
-35 50 50
35 50 50
-100 0 0
-35 90 -50
35 90 -50
100 0 0
0 0 -100
0 -50 0
0 10 -40

-100 0 0
-140 0 0
-110 -40 150
-150 120 -150

100 0 0
140 0 0
110 -40 150
150 120 -150

-100 0 0
-150 0 0
-120 -40 10
-250 -80 -150

100 0 0
150 0 0
120 -40 10
250 -80 -150

0 -25 200
-50 0 200
50 0 200

36

0 1 2 190 190 190 255
28 2 6 180 180 180 255
27 3 1 180 180 180 255
26 3 8 130 130 130 255
26 6 8 130 130 130 255
8 6 9 255 100 0 255
8 9 3 255 100 0 255
3 9 7 70 70 70 255
6 9 7 70 70 70 255
1 3 4 170 170 170 255
2 6 5 170 170 170 255
1 2 4 100 150 255 255
2 4 5 100 150 255 255
3 4 7 160 160 160 255
4 5 7 170 170 170 255
5 6 7 160 160 160 255

10 12 13 0 51 204 255
11 12 13 0 51 204 255
12 11 10 0 51 204 255
13 11 10 0 51 204 255

14 16 17 0 51 204 255
14 15 16 0 51 204 255
14 15 17 0 51 204 255
15 16 17 0 51 204 255

18 19 20 120 120 120 255
19 20 21 150 150 150 255
20 21 18 120 120 120 255
18 19 21 170 170 170 255

22 23 24 120 120 120 255
23 24 25 150 150 150 255
24 25 22 120 120 120 255
22 23 25 170 170 170 255

0 3 26 130 130 130 255
0 6 26 130 130 130 255

28 2 0 180 180 180 255
27 1 0 180 180 180 255

$