BIG_BUILDING$
12
1600 0 1600
1600 0 -1600
-1600 0 1600
-1600 0 -1600

1400 400 1400
1400 400 -1400
-1400 400 1400
-1400 400 -1400

1400 10000 1400
1400 10000 -1400
-1400 10000 1400
-1400 10000 -1400

18
0 1 4 179 179 204 255
0 1 5 179 179 204 255
1 3 6 179 179 204 255
1 5 6 179 179 204 255
2 3 7 179 179 204 255
6 7 3 179 179 204 255
0 2 4 179 179 204 255
2 5 7 179 179 204 255

4 5 9 179 179 204 255
8 9 4 179 179 204 255
5 7 9 179 179 204 255
9 11 7 179 179 204 255
6 7 10 179 179 204 255
10 11 7 179 179 204 255
4 6 8 179 179 204 255
8 10 6 179 179 204 255

8 9 10 92 92 138 255
9 10 11 92 92 138 255
$
