BUILDING$
12
320 0 320
320 0 -320
-320 0 320
-320 0 -320

280 40 280
280 40 -280
-280 40 280
-280 40 -280

280 2400 280
280 2400 -280
-280 2400 280
-280 2400 -280

18
0 1 4 179 179 204 255
1 4 5 179 179 204 255
1 3 7 179 179 204 255
1 6 7 179 179 204 255
2 3 7 179 179 204 255
6 7 2 179 179 204 255
0 2 4 179 179 204 255
2 4 6 179 179 204 255

4 5 9 179 179 204 255
8 9 4 179 179 204 255
5 7 9 179 179 204 255
9 11 7 179 179 204 255
6 7 10 179 179 204 255
10 11 7 179 179 204 255
4 6 8 179 179 204 255
8 10 6 179 179 204 255

8 9 10 92 92 138 255
9 10 11 92 92 138 255
$
