BUILDING2$
16
350 0 500
500 0 350
500 0 -350
350 0 -500
-350 0 -500
-500 0 -350
-500 0 350
-350 0 500

350 3000 500
500 3000 350
500 3000 -350
350 3000 -500
-350 3000 -500
-500 3000 -350
-500 3000 350
-350 3000 500

22
0 1 8 70 70 90 255
1 8 9 70 70 90 255
1 2 9 100 100 120 255
2 9 10 100 100 120 255
2 3 10 150 150 170 255
3 10 11 150 150 170 255
3 4 11 179 179 204 255
4 11 12 179 179 204 255
4 5 12 150 150 170 255
5 12 13 150 150 170 255
5 6 13 100 100 120 255
6 13 14 100 100 120 255
6 7 14 70 70 90 255
7 14 15 70 70 90 255
7 0 15 50 50 70 255
0 15 8 50 50 70 255

8 9 10 92 92 138 255
8 10 11 92 92 138 255
8 11 12 92 92 138 255
8 12 15 92 92 138 255
12 14 15 92 92 138 255
12 13 14 92 92 138 255
$
