BUTTERFLY_SHIP$

21
130 0 0
-130 0 0
0 -200 200
00 00 00

220 300 -300
150 180 -30
220 70 -170
270 120 -70

-220 300 -300
-150 180 -30
-220 70 -170
-270 120 -70

200 0 -170
150 -130 -130
330 -150 -250

-200 0 -170
-180 -130 -130
-330 -150 -250

60 50 50
-60 50 50
0 170 70

28

0 1 2 20 20 250 255
2 0 18 100 100 250 255
2 1 19 100 100 250 255
0 1 19 50 50 250 255
0 18 19 50 50 250 255

0 5 6 250 20 20 255
0 6 7 130 130 200 255
0 7 5 250 100 20 255
4 5 6 250 20 20 255
4 6 7 50 250 250 255
4 7 5 100 100 200 255

1 9 10 250 20 20 255
1 10 11 130 130 200 255
1 11 9 250 100 20 255
8 9 10 250 20 20 255
8 10 11 50 250 250 255
8 11 9 100 100 200 255

0 12 13 200 200 200 255
0 13 14 170 170 170 255
0 14 12 200 200 200 255
12 13 14 170 170 170 255

1 15 16 200 200 200 255
1 16 17 170 170 170 255
1 17 15 200 200 200 255
15 16 17 170 170 170 255

18 19 20 150 150 150 255
2 18 20 170 170 170 255
2 19 20 170 170 170 255

$
