CORNERIA-ARCH$

20
2400 0 0
2800 0 400
2400 0 800

2400 1600 0
2800 1600 400
2400 1600 800

1200 2400 0
1200 2800 400
1200 2400 800

-1200 2400 0
-1200 2800 400
-1200 2400 800

-2400 1600 0
-2800 1600 400
-2400 1600 800

-2400 0 0
-2800 0 400
-2400 0 800

2400 1600 4000
-2400 1600 4000

32

0 1 3 0 27 180 255
1 3 4 0 27 180 255
1 2 4 30 57 230 255
2 4 5 30 57 230 255
0 2 3 30 57 230 255
3 2 5 30 57 230 255

3 4 6 47 91 195 255
4 6 7 47 91 195 255
4 5 7 77 121 255 255
5 7 8 77 121 255 255
3 5 6 77 121 255 255
5 6 7 77 121 255 255

6 7 9 150 150 195 255
7 9 10 150 150 195 255
7 10 11 200 200 255 255
7 8 11 200 200 255 255
6 8 9 200 200 255 255
8 9 11 200 200 255 255

12 13 9 47 91 195 255
13 9 10 47 91 195 255
13 14 10 77 121 255 255
10 11 14 77 121 255 255
9 11 12 77 121 255 255
11 12 14 77 121 255 255

15 16 12 0 27 180 255
12 13 16 0 27 180 255
13 16 17 30 57 230 255
13 14 17 30 57 230 255
12 14 15 30 57 230 255
14 15 17 30 57 230 255

3 5 18 100 100 200 255
12 14 19 100 100 200 255

$
