CORNERIA-ARCH-G$

48
900 0 0
900 0 -1700
1200 0 -1700
1200 0 0

900 500 0
900 500 -1300
1200 500 -1300
1200 500 0

900 800 0
900 800 -1500
1200 1100 -1700
1200 1100 0
900 1100 0
900 1100 -1700

1200 1400 -1500
1200 1400 0
900 1400 0
900 1400 -1500

300 1100 0
300 1100 -1500

300 1400 0
300 1400 -1700

300 1700 0
300 1700 -1500


-900 0 0
-900 0 -1700
-1200 0 -1700
-1200 0 0

-900 500 0
-900 500 -1300
-1200 500 -1300
-1200 500 0

-900 800 0
-900 800 -1500
-1200 1100 -1700
-1200 1100 0
-900 1100 0
-900 1100 -1700

-1200 1400 -1500
-1200 1400 0
-900 1400 0
-900 1400 -1500

-300 1100 0
-300 1100 -1500

-300 1400 0
-300 1400 -1700

-300 1700 0
-300 1700 -1500

78

0 1 4 130 130 130 255
1 4 5 130 130 130 255
1 2 5 200 200 200 255
2 5 6 200 200 200 255
2 3 6 230 230 230 255
3 6 7 230 230 230 255
3 0 7 200 200 200 255
0 4 7 200 200 200 255

4 5 8 10 10 220 255
5 8 9 10 10 220 255
5 6 13 50 100 235 255
6 13 10 50 100 235 255
6 7 10 50 200 250 255
7 10 11 50 200 250 255
7 4 11 50 100 235 255
4 12 11 50 100 235 255


24 25 28 230 230 230 255
25 28 29 230 230 230 255
25 26 29 200 200 200 255
26 29 30 200 200 200 255
26 27 30 130 130 130 255
27 30 31 130 130 130 255
27 24 31 200 200 200 255
24 28 31 200 200 200 255

28 29 32 50 200 250 255
29 32 33 50 200 250 255
29 30 37 50 100 235 255
30 37 34 50 100 235 255
30 31 34 10 10 220 255
31 34 35 10 10 220 255
31 28 36 50 100 235 255
31 36 35 50 100 235 255

14 15 16 50 255 255 255
14 16 17 50 255 255 255

38 39 40 50 200 250 255
38 40 41 50 200 250 255

34 35 39 10 10 220 255
34 38 39 10 10 220 255
10 11 15 50 200 250 255
10 14 15 50 200 250 255

11 12 16 50 100 250 255
11 15 16 50 100 250 255
35 36 40 50 100 250 255
35 39 40 50 100 250 255

34 37 41 50 200 200 255
34 38 41 50 200 200 255
10 13 17 50 200 200 255
10 14 17 50 200 200 255

8 9 19 70 70 70 255
8 18 19 70 70 70 255
32 33 43 170 170 170 255
32 42 43 170 170 170 255

19 21 13 120 120 120 255
19 9 13 120 120 120 255
43 45 37 200 200 200 255
43 33 37 200 200 200 255

18 16 22 50 150 250 255
18 16 8 50 150 250 255
42 40 46 50 150 250 255
42 40 32 50 150 250 255

16 22 23 50 255 255 255
16 17 23 50 255 255 255
40 46 47 50 100 250 255
40 41 47 50 100 250 255

23 17 21 100 255 255 255
21 17 13 100 255 255 255
47 41 45 50 100 235 255
45 41 37 50 100 235 255

18 19 42 100 100 100 255
19 42 43 100 100 100 255

22 23 46 50 200 250 255
23 46 47 50 200 250 255
23 47 21 50 200 250 255
21 45 47 50 200 250 255
45 21 19 150 150 150 255
43 45 19 150 150 150 255
22 46 42 50 150 250 255
18 22 42 50 150 250 255

$
