CORNERIA-ARCH-2$

24
600 0 0
750 0 -300
900 0 -300
1000 0 0

600 700 0
750 700 -300
900 700 -300
1000 700 0

450 800 0
450 950 -300
450 1100 -300
450 1200 0

-450 800 0
-450 950 -300
-450 1100 -300
-450 1200 0

-600 700 0
-750 700 -300
-900 700 -300
-1000 700 0

-600 0 0
-750 0 -300
-900 0 -300
-1000 0 0

40

0 1 4 120 120 120 255
1 4 5 120 120 120 255
1 2 5 170 170 170 255
2 5 6 170 170 170 255
2 3 6 200 200 200 255
3 6 7 200 200 200 255
0 3 7 150 150 150 255
4 7 0 150 150 150 255

4 5 8 220 70 100 255
8 9 5 220 70 100 255
6 5 9 170 170 170 255
9 10 6 170 170 170 255
6 7 10 220 220 220 255
7 10 11 220 220 220 255
4 7 8 150 150 150 255
7 8 11 150 150 150 255

10 9 13 170 170 170 255
13 14 10 170 170 170 255
9 8 12 70 70 70 255
9 12 13 70 70 70 255
8 11 12 150 150 150 255
11 12 15 150 150 150 255
10 11 14 200 200 200 255
14 15 11 200 200 200 255

12 13 16 220 70 100 255
16 17 13 220 70 100 255
17 18 13 170 170 170 255
18 13 14 170 170 170 255
14 15 18 120 120 120 255
15 18 19 120 120 120 255
16 19 12 150 150 150 255
12 15 19 150 150 150 255

17 18 21 170 170 170 255
18 21 22 170 170 170 255
20 21 16 200 200 200 255
16 17 21 200 200 200 255
20 23 16 150 150 150 255
16 19 23 150 150 150 255
22 23 18 70 70 70 255
18 19 23 70 70 70 255

$