C-BASE$
52
1000 0 2000
-1000 0 2000
500 1800 2500
-500 1800 2500

500 2500 2000
-500 2500 2000

1500 2000 -500
-2000 2000 -500

-2000 0 -2000
-2000 2500 -500
-2000 2500 -6000
-2000 0 -6000

500 3300 2000
-500 3300 2000
500 3300 -6000
-500 3300 -6000

400 2500 800
-400 2500 800
400 3100 800
-400 3100 800

1500 2500 -500



3500 0 2000
5000 0 2000
3500 1800 2500
4500 1800 2500

3500 2500 2000
4500 2500 2000

2500 2000 -500
6000 2000 -500

6000 0 -2000
6000 2500 -500
6000 2500 -6000
6000 0 -6000

3500 3300 2000
4500 3300 2000
3500 3300 -6000
4500 3300 -6000

3600 2500 800
4400 2500 800
3600 3100 800
4400 3100 800

2500 2500 -500

1500 2500 -6000
2500 2500 -6000
1500 2500 -2000
2500 2500 -2000

1600 4500 -5000
2400 4500 -5000
1600 4500 -4200
2400 4500 -4200
1500 2500 -4000
2500 2500 -4000

82
0 1 2 100 100 100 255
1 2 3 100 100 100 255
5 2 4 200 200 200 255
2 3 5 200 200 200 255

0 2 6 100 100 255 255
1 3 7 100 100 255 255

2 4 6 150 200 255 255
3 5 7 150 200 255 255

1 8 7 100 100 100 255

7 9 10 50 50 50 255
7 10 11 50 50 50 255
7 8 11 50 50 50 255

13 5 9 100 100 255 255
7 5 9 100 100 255 255
15 10 9 150 200 255 255
15 9 13 150 200 255 255

12 13 15 150 200 255 255
12 14 15 150 200 255 255

16 17 19 9 9 9 255
16 18 19 9 9 9 255

16 17 4 50 50 50 255
4 5 17 50 50 50 255

5 13 19 130 130 130 255
5 17 19 130 130 130 255
4 12 18 130 130 130 255
4 16 18 130 130 130 255
12 18 19 100 100 100 255
12 13 19 100 100 100 255

20 6 4 100 100 255 255
20 4 12 100 100 255 255
12 14 20 150 200 255 255



21 22 23 100 100 100 255
22 23 24 100 100 100 255
26 23 25 200 200 200 255
23 24 26 200 200 200 255

21 23 27 100 100 255 255
22 24 28 100 100 255 255

23 25 27 150 200 255 255
24 26 28 150 200 255 255

22 29 28 100 100 100 255

28 30 31 50 50 50 255
28 31 32 50 50 50 255
28 29 32 50 50 50 255

34 26 30 100 100 255 255
28 26 30 100 100 255 255
36 31 30 150 200 255 255
36 30 34 150 200 255 255

33 34 36 150 200 255 255
33 35 36 150 200 255 255

37 38 40 9 9 9 255
37 39 40 9 9 9 255

37 38 25 50 50 50 255
25 26 38 50 50 50 255

26 34 40 130 130 130 255
26 38 40 130 130 130 255
25 33 39 130 130 130 255
25 37 39 130 130 130 255
33 39 40 100 100 100 255
33 34 40 100 100 100 255

41 27 25 100 100 255 255
41 25 33 100 100 255 255
33 35 41 150 200 255 255



0 6 21 160 160 160 255
21 6 27 160 160 160 255

42 43 44 200 200 200 255
43 44 45 200 200 200 255
20 14 42 150 200 255 255
41 35 43 150 200 255 255

44 20 6 0 0 255 255
44 6 27 200 200 200 255
45 41 27 0 0 255 255
45 44 27 200 200 200 255

46 47 42 100 100 100 255
42 47 43 100 100 100 255
48 49 51 230 230 230 255
50 51 48 230 230 230 255
46 48 50 150 150 150 255
42 46 50 150 150 150 255
46 48 49 100 100 100 255
49 46 47 100 100 100 255
47 49 51 150 150 150 255
47 51 43 150 150 150 255
$