C-TUNNEL$
12
1000 600 0
1000 -600 0
-1000 600 0
-1000 -600 0

1000 600 1600
1000 -600 1600
-1000 600 1600
-1000 -600 1600

1000 600 2000
1000 -600 2000
-1000 600 2000
-1000 -600 2000

16
1 0 1 255 255 255 255
1 3 1 255 255 255 255
3 2 3 255 255 255 255
2 0 2 255 255 255 255

4 5 4 255 255 255 255
5 7 5 255 255 255 255
7 6 7 255 255 255 255
6 4 6 255 255 255 255

8 9 8 255 255 255 255
9 11 9 255 255 255 255
11 10 11 255 255 255 255
10 8 10 255 255 255 255

0 4 8 255 255 255 255
1 5 9 255 255 255 255
2 6 10 255 255 255 255
3 7 11 255 255 255 255
$