C-TUNNEL_COLOUR$
12
1000 600 0
1000 -600 0
-1000 600 0
-1000 -600 0

1000 600 1600
1000 -600 1600
-1000 600 1600
-1000 -600 1600

1000 600 3200
1000 -600 3200
-1000 600 3200
-1000 -600 3200

16
0 1 4 50 100 255 255
1 4 5 50 100 255 255
0 4 6 0 0 205 255
0 2 6 0 0 205 255
2 6 7 50 100 255 255
2 3 7 50 100 255 255
1 5 7 77 148 255 255
1 3 7 77 148 255 255

4 5 8 129 159 205 255
5 8 9 129 159 205 255
4 8 10 79 109 155 255
4 6 10 79 109 155 255
6 7 10 129 159 205 255
7 10 11 129 159 205 255
5 7 9 179 209 255 255
7 9 11 179 209 255 255

$