CYLINDER$
20
-50 0 100
-40 30 100
-20 45 100
20 45 100
40 30 100
50 0 100
40 -30 100
20 -45 100
-20 -45 100
-40 -30 100

-50 0 -100
-40 30 -100
-20 45 -100
20 45 -100
40 30 -100
50 0 -100
40 -30 -100
20 -45 -100
-20 -45 -100
-40 -30 -100

36
0 1 2 0 255 0 255
0 2 9 0 255 0 255
2 3 9 0 255 0 255
9 8 3 0 255 0 255
3 4 8 0 255 0 255
4 7 8 0 255 0 255
7 4 5 0 255 0 255
5 6 7 0 255 0 255

10 11 12 0 255 0 255
10 12 19 0 255 0 255
12 13 19 0 255 0 255
19 18 13 0 255 0 255
13 14 18 0 255 0 255
14 17 18 0 255 0 255
17 14 15 0 255 0 255
15 16 17 0 255 0 255

0 1 10 0 255 0 255
1 10 11 0 255 0 255
1 2 11 0 255 0 255
2 11 12 0 255 0 255
2 3 12 0 255 0 255
3 12 13 0 255 0 255
3 4 13 0 255 0 255
4 13 14 0 255 0 255
4 5 14 0 255 0 255
5 14 15 0 255 0 255
5 6 15 0 255 0 255
6 15 16 0 255 0 255
6 7 16 0 255 0 255
7 16 17 0 255 0 255
7 8 17 0 255 0 255
8 17 18 0 255 0 255
8 9 18 0 255 0 255
9 18 19 0 255 0 255
9 0 19 0 255 0 255
0 19 10 0 255 0 255
$
