GROUND1$
25
0 0 0
0 0 0
0 0 0
0 0 0
0 0 0
0 0 0
0 0 0
0 0 0

-4000 0 0
-3000 0 1500
0 0 2000
3000 0 1500
4000 0 0
3000 0 -1500
0 0 -2000
-3000 0 -1500

-2000 300 0
-1500 400 750
0 300 1000
1500 400 750
2000 300 0
1500 400 -750
0 300 -1000
-1500 400 -750

0 600 0

40
1 0 8 0 0 255 255
1 8 9 0 0 255 255
1 9 10 0 0 255 255
1 10 2 0 0 255 255
3 2 10 0 0 255 255
3 10 11 0 0 255 255
3 11 12 0 0 255 255
3 12 4 0 0 255 255
5 4 12 0 0 255 255
5 12 13 0 0 255 255
5 13 14 0 0 255 255
5 14 6 0 0 255 255
7 6 14 0 0 255 255
7 14 15 0 0 255 255
7 15 8 0 0 255 255
7 8 0 0 0 255 255

8 16 9 51 204 51 255
8 16 23 51 204 51 255
9 17 16 51 204 51 255
9 17 10 51 204 51 255
10 18 17 51 204 51 255
10 18 11 51 204 51 255
11 19 18 51 204 51 255
11 19 12 51 204 51 255
12 20 19 51 204 51 255
12 20 13 51 204 51 255
13 21 20 51 204 51 255
13 21 14 51 204 51 255
14 22 21 51 204 51 255
14 22 15 51 204 51 255
15 23 22 51 204 51 255
15 23 8 51 204 51 255

16 17 24 51 204 51 255
17 18 24 51 204 51 255
18 19 24 51 204 51 255
19 20 24 51 204 51 255
20 21 24 51 204 51 255
21 22 24 51 204 51 255
22 23 24 51 204 51 255
23 16 24 51 204 51 255
$
