GYRO$
56
4 27 4
4 27 -4
-4 27 4
-4 27 -4

4 -27 4
4 -27 -4
-4 -27 4
-4 -27 -4

0 4 25
13 4 22
22 4 13
25 4 0
22 4 -13
13 4 -22
0 4 -25
-13 4 -22
-22 4 -13
-25 4 0
-22 4 13
-13 4 22

0 -4 25
13 -4 22
22 -4 13
25 -4 0
22 -4 -13
13 -4 -22
0 -4 -25
-13 -4 -22
-22 -4 -13
-25 -4 0
-22 -4 13
-13 -4 22

4 0 25
4 13 22
4 22 13
4 25 0
4 22 -13
4 13 -22
4 0 -25
4 -13 -22
4 -22 -13
4 -25 0
4 -22 13
4 -13 22

-4 0 25
-4 13 22
-4 22 13
-4 25 0
-4 22 -13
-4 13 -22
-4 0 -25
-4 -13 -22
-4 -22 -13
-4 -25 0
-4 -22 13
-4 -13 22

60
0 4 4 0 150 0 150
1 5 5 0 150 0 150
2 6 6 0 150 0 150
3 7 7 0 150 0 150
0 1 1 0 150 0 150
0 2 2 0 150 0 150
3 1 1 0 150 0 150
3 2 2 0 150 0 150
4 5 5 0 150 0 150
4 6 6 0 150 0 150
7 5 5 0 150 0 150
7 6 6 0 150 0 150


8 9 9    0 210 0 150
9 10 10  0 210 0 150
10 11 11 0 210 0 150
11 12 12 0 210 0 150
12 13 13 0 210 0 150
13 14 14 0 210 0 150
14 15 15 0 210 0 150
15 16 16 0 210 0 150
16 17 17 0 210 0 150
17 18 18 0 210 0 150
18 19 19 0 210 0 150
19 8 8   0 210 0 150

20 21 21 0 210 0 150
21 22 22 0 210 0 150
22 23 23 0 210 0 150
23 24 24 0 210 0 150
24 25 25 0 210 0 150
25 26 26 0 210 0 150
26 27 27 0 210 0 150
27 28 28 0 210 0 150
28 29 29 0 210 0 150
29 30 30 0 210 0 150
30 31 31 0 210 0 150
31 20 20 0 210 0 150


32 33 33 0 210 0 150
33 34 34 0 210 0 150
34 35 35 0 210 0 150
35 36 36 0 210 0 150
36 37 37 0 210 0 150
37 38 38 0 210 0 150
38 39 39 0 210 0 150
39 40 40 0 210 0 150
40 41 41 0 210 0 150
41 42 42 0 210 0 150
42 43 43 0 210 0 150
43 32 32 0 210 0 150

44 45 45 0 210 0 150
45 46 46 0 210 0 150
46 47 47 0 210 0 150
47 48 48 0 210 0 150
48 49 49 0 210 0 150
49 50 50 0 210 0 150
50 51 51 0 210 0 150
51 52 52 0 210 0 150
52 53 53 0 210 0 150
53 54 54 0 210 0 150
54 55 55 0 210 0 150
55 44 44 0 210 0 150

$
