ICOSAHEDRON_W$
12
0 180 0
0 80 -140
-160 80 -40
160 80 -40
-100 80 140
100 80 140

-100 -80 -140
100 -80 -140
-160 -80 40
160 -80 40
0 -80 140
0 -180 0

20
0 1 2 255 255 220 255
0 1 3 255 255 220 255
0 3 5 255 255 220 255
0 2 4 255 255 220 255
0 4 5 255 255 220 255

1 2 6 255 255 220 255
1 3 7 255 255 220 255
3 5 9 255 255 220 255
4 5 10 255 255 220 255
2 4 8 255 255 220 255
8 6 2 255 255 220 255
6 7 1 255 255 220 255
7 9 3 255 255 220 255
9 10 5 255 255 220 255
10 8 4 255 255 220 255

11 6 7 255 255 220 255
11 7 9 255 255 220 255
11 9 10 255 255 220 255
11 10 8 255 255 220 255
11 8 6 255 255 220 255
$