ICOSAHEDRON$
12
0 180 0
0 80 -140
-160 80 -40
160 80 -40
-100 80 140
100 80 140

-100 -80 -140
100 -80 -140
-160 -80 40
160 -80 40
0 -80 140
0 -180 0

20
0 1 2 178 115 50 255
0 1 3 178 115 50 255
0 3 5 190 130 65 255
0 2 4 178 115 50 255
0 4 5 190 130 65 255

1 2 6 128 85 0 255
1 3 7 128 85 0 255
3 5 9 150 100 50 255
4 5 10 150 100 50 255
2 4 8 128 85 0 255
8 6 2 128 85 0 255
6 7 1 128 85 0 255
7 9 3 150 100 50 255
9 10 5 150 100 50 255
10 8 4 150 100 50 255

11 6 7 90 65 30 255
11 7 9 115 75 35 255
11 9 10 115 75 35 255
11 10 8 115 75 35 255
11 8 6 90 65 30 255
$