PLANETX$
62
0 10000 0

0 8660 5000
2500 8660 4330
4330 8660 2500
5000 8660 0
4330 8660 -2500
2500 8660 -4330
0 8660 -5000
-2500 8660 -4330
-4330 8660 -2500
-5000 8660 0
-4330 8660 2500
-2500 8660 4330

0 5000 8660
4330 5000 7500
7500 5000 4330
8660 5000 0
7500 5000 -4330
4330 5000 -7500
0 5000 -8660
-4330 5000 -7500
-7500 5000 -4330
-8660 5000 0
-7500 5000 4330
-4330 5000 7500

0 0 10000
5000 0 8660
8660 0 5000
10000 0 0
8660 0 -5000
5000 0 -8660
0 0 -10000
-5000 0 -8660
-8660 0 -5000
-10000 0 0
-8660 0 5000
-5000 0 8660

0 -5000 8660
4330 -5000 7500
7500 -5000 4330
8660 -5000 0
7500 -5000 -4330
4330 -5000 -7500
0 -5000 -8660
-4330 -5000 -7500
-7500 -5000 -4330
-8660 -5000 0
-7500 -5000 4330
-4330 -5000 7500

0 -8660 5000
2500 -8660 4330
4330 -8660 2500
5000 -8660 0
4330 -8660 -2500
2500 -8660 -4330
0 -8660 -5000
-2500 -8660 -4330
-4330 -8660 -2500
-5000 -8660 0
-4330 -8660 2500
-2500 -8660 4330

0 -10000 0

123

0 0 61 255 255 255 255
25 25 31 255 255 255 255
28 28 34 255 255 255 255

0 1 2 52 210 52 255
0 2 3 52 210 52 255
0 3 4 52 210 52 255
0 4 5 52 210 52 255
0 5 6 52 210 52 255
0 6 7 52 210 52 255
0 7 8 52 210 52 255
0 8 9 52 210 52 255
0 9 10 52 210 52 255
0 10 11 52 210 52 255
0 11 12 52 210 52 255
0 12 1 52 210 52 255

1 2 14 47 182 47 255
1 13 14 47 182 47 255
2 3 15 47 182 47 255
2 14 15 47 182 47 255
3 4 16 47 182 47 255
3 15 16 47 182 47 255
4 5 17 47 182 47 255
4 16 17 47 182 47 255
5 6 18 47 182 47 255
5 17 18 47 182 47 255
6 7 19 47 182 47 255
6 18 19 47 182 47 255
7 8 20 47 182 47 255
7 19 20 47 182 47 255
8 9 21 47 182 47 255
8 20 21 47 182 47 255
9 10 22 47 182 47 255
9 21 22 47 182 47 255
10 11 23 47 182 47 255
10 22 23 47 182 47 255
11 12 24 47 182 47 255
11 23 24 47 182 47 255
12 1 13 47 182 47 255
12 24 13 47 182 47 255

13 14 26 42 162 42 255
13 26 25 42 162 42 255
14 15 27 42 162 42 255
14 27 26 42 162 42 255
15 16 28 42 162 42 255
15 28 27 42 162 42 255
16 17 29 42 162 42 255
16 29 28 42 162 42 255
17 18 30 42 162 42 255
17 30 29 42 162 42 255
18 19 31 42 162 42 255
18 31 30 42 162 42 255
19 20 32 42 162 42 255
19 32 31 42 162 42 255
20 21 33 42 162 42 255
20 33 32 42 162 42 255
21 22 34 42 162 42 255
21 34 33 42 162 42 255
22 23 35 42 162 42 255
22 35 34 42 162 42 255
23 24 36 42 162 42 255
23 36 35 42 162 42 255
24 13 25 42 162 42 255
24 36 25 42 162 42 255

25 26 38 37 142 37 255
25 38 37 37 142 37 255
26 27 39 37 142 37 255
26 39 38 37 142 37 255
27 28 40 37 142 37 255
27 40 39 37 142 37 255
28 29 41 37 142 37 255
28 41 40 37 142 37 255
29 30 42 37 142 37 255
29 42 41 37 142 37 255
30 31 43 37 142 37 255
30 43 42 37 142 37 255
31 32 44 37 142 37 255
31 44 43 37 142 37 255
32 33 45 37 142 37 255
32 45 44 37 142 37 255
33 34 46 37 142 37 255
33 46 45 37 142 37 255
34 35 47 37 142 37 255
34 47 46 37 142 37 255
35 36 48 37 142 37 255
35 48 47 37 142 37 255
36 25 37 37 142 37 255
36 48 37 37 142 37 255

37 38 50 31 122 31 255
37 50 49 31 122 31 255
38 39 51 31 122 31 255
38 51 50 31 122 31 255
39 40 52 31 122 31 255
39 52 51 31 122 31 255
40 41 53 31 122 31 255
40 53 52 31 122 31 255
41 42 54 31 122 31 255
41 54 53 31 122 31 255
42 43 55 31 122 31 255
42 55 54 31 122 31 255
43 44 56 31 122 31 255
43 56 55 31 122 31 255
44 45 57 31 122 31 255
44 57 56 31 122 31 255
45 46 58 31 122 31 255
45 58 57 31 122 31 255
46 47 59 31 122 31 255
46 59 58 31 122 31 255
47 48 60 31 122 31 255
47 60 59 31 122 31 255
48 37 49 31 122 31 255
48 60 49 31 122 31 255

61 60 59 26 101 26 255
61 59 58 26 101 26 255
61 58 57 26 101 26 255
61 57 56 26 101 26 255
61 56 55 26 101 26 255
61 55 54 26 101 26 255
61 54 53 26 101 26 255
61 53 52 26 101 26 255
61 52 51 26 101 26 255
61 51 50 26 101 26 255
61 50 49 26 101 26 255
61 49 60 26 101 26 255

$