SWORDFISH2$

29
0 0 300
20 0 150
180 0 150
200 0 180
200 0 75
60 0 75
80 0 -30
60 0 -90
60 0 -120
0 0 -150
0 0 -150
0 0 -150
0 0 -150
0 0 -150
0 0 -150
-60 0 -120
-60 0 -90
-80 0 -30
-60 0 75
-200 0 75
-200 0 75
-200 0 180
-180 0 150
-20 0 150
0 0 300
0 -50 120
0 -80 0
0 -60 -90
0 -50 -120

22

0 1 23 200 0 0 255
1 23 5 200 0 0 255
23 24 5 200 0 0 255
5 6 24 200 0 0 255
6 7 24 200 0 0 255
24 25 7 200 0 0 255
7 8 25 200 0 0 255
25 26 8 200 0 0 255

0 22 23 200 0 0 255
22 23 18 200 0 0 255
23 24 18 200 0 0 255
18 17 24 200 0 0 255
16 17 24 200 0 0 255
24 25 16 200 0 0 255
15 16 25 200 0 0 255
15 25 26 200 0 0 255

1 5 2 200 0 0 255
2 4 5 200 0 0 255
2 3 4 200 0 0 255
18 19 21 200 0 0 255
19 20 21 200 0 0 255
18 21 22 200 0 0 255

$
